14281
95862
42860
29510
58740
54789
66459
50398
61314
30882
45152
77157
65605
56579
57122
35692
87354
56808
34405
81370
92403
43738
12042
95460
57771
7033
65711
30155
70670
6625
12280
33816
19250
46055
41912
92838
24919
53907
20043
11992
65066
62825
74567
71300
73371
64569
31536
57788
37679
82422
70204
46442
1677
21219
83982
78048
92082
80622
55841
16189
54170
64292
76840
87113
45949
43495
57325
12855
91833
9659
30948
8995
50848
47913
31611
13355
65180
53786
1638
79688
75478
95508
30448
30869
21299
51900
6897
58230
39139
83375
93282
56740
1286
55680
31321
74519
73905
77574
65973
84324
